$ 1 0.000005 310.77885238917384 81 10 50 5e-11
165 224 144 320 144 4 0
w 224 176 192 176 0
r 192 176 192 240 0 100000
w 192 240 224 240 0
w 192 240 192 272 0
w 192 272 224 272 0
w 192 336 192 352 0
g 192 432 192 448 0 0
R 288 0 288 -48 0 0 40 5 0 0 0.5
O 464 176 464 96 0 0
g 320 304 320 320 0 0
w 352 80 352 112 0
w 352 112 352 176 0
r 464 208 560 208 0 100
r 464 256 544 256 0 100
r 560 272 560 352 0 100000
r 640 256 640 352 0 100000
f 704 256 768 256 32 0.5 0.02
f 560 208 688 208 32 0.5 0.02
w 704 256 640 256 0
w 560 272 560 208 0
w 464 256 464 208 0
w 688 224 688 368 0
w 768 272 768 368 0
w 560 368 640 368 0
w 560 352 560 368 0
w 640 352 640 368 0
r 768 112 768 32 0 150
g 560 368 560 416 0 0
w 640 368 688 368 0
w 688 368 768 368 0
w 640 256 544 256 0
w 688 192 688 112 0
w 768 240 768 112 0
w 688 112 768 112 0
R 768 0 768 -48 0 0 40 5 0 0 0.5
w 768 0 768 32 0
r 832 32 832 112 0 150
w 464 176 464 208 0
w 832 112 768 112 0
w 832 32 768 32 0
r 400 336 400 272 0 168000
c 288 352 288 400 0 1.0000000000000001e-7 0.001 0.001
209 192 352 192 400 0 0.000047 1 1 1
w 288 304 288 352 0
w 288 400 288 432 0
w 288 432 192 432 0
w 192 400 192 432 0
w 288 112 288 80 0
w 288 80 352 80 0
w 288 80 288 0 0
w 400 336 192 336 0
w 192 336 192 272 0
w 400 224 400 208 0
w 352 208 400 208 0
w 400 208 464 208 0
d 400 224 400 272 2 default
o 9 1024 0 4099 5 0.1 0 1
o 43 1024 0 4099 5 0.00009765625 1 2 43 3
